08Oct2015
            C  V          
1 0 1 0 2 0 0 0 3 0 4 0 5 
6 3 7 8 4 9 0 3 5 5 6 10 6 
7 0 11 0 12 0 3 0 13 0 3 0 6 
14 11 15 8 7 11 8 0 4 3 16 11 13 
17 0 12 0 18 0 11 0 6 0 6 0 4 
19 6 6 18 0 10 20 11 19 6 0 0 0 
6 0 2 0 21 0 6 0 9 0 4 0 22 
0 0 0 23 3 5 19 9 0 10 3 24 6 
25 0 22 0 20 0 6 0 26 0 12 0 3 
3 5 11 20 10 0 20 6 17 8 7 3 5 
17 0 19 0 5 0 8 0 6 0 1 0 8 
23 5 3 24 6 7 0 2 5 6 12 10 4 
2 0 20 0 25 0 0 0 5 0 20 0 9 
07Oct2015
                     PW   
1 2 3 0 4 5 6 0 3 4 7 8 1 
9 0 10 0 0 0 11 0 12 0 12 0 6 
2 13 5 10 0 14 8 7 7 6 15 14 16 
17 0 13 0 5 0 2 0 6 0 18 0 3 
6 19 4 12 20 12 13 12 15 1 0 0 6 
0 0 6 0 6 0 6 0 0 0 3 0 7 
21 5 7 2 16 3 0 3 22 2 23 15 3 
5 0 3 0 0 0 10 0 9 0 2 0 0 
7 0 0 3 2 9 2 10 2 15 24 6 7 
1 0 25 0 9 0 7 0 15 0 24 0 6 
12 15 2 14 13 12 26 6 0 3 9 5 13 
26 0 10 0 6 0 6 0 0 0 6 0 7 
6 10 20 6 7 0 9 5 20 0 24 2 16 
06Oct2015
           LH             
1 0 2 0 3 0 4 0 5 0 6 0 5 
7 8 9 10 11 0 5 12 6 7 13 7 12 
3 0 4 0 9 0 6 0 6 0 5 0 10 
2 10 5 2 14 6 15 0 7 16 7 3 4 
2 0 11 0 10 0 0 0 2 0 2 0 9 
10 16 17 10 0 2 18 14 9 2 0 0 2 
0 0 10 0 19 0 14 0 2 0 20 0 0 
21 0 0 15 14 9 9 22 0 22 3 4 9 
5 0 2 0 23 0 0 0 2 0 5 0 5 
17 5 1 1 5 0 1 7 9 14 24 10 2 
17 0 7 0 4 0 14 0 7 0 10 0 15 
10 25 6 10 4 18 9 0 26 7 4 2 10 
16 0 15 0 10 0 10 0 2 0 2 0 16 
05Oct2015
                        DT
1 2 3 4 5 6 7 0 8 9 6 8 2 
4 0 2 0 0 0 9 0 6 0 2 0 7 
6 9 10 11 0 12 13 14 12 15 15 16 12 
5 0 17 0 18 0 19 0 2 0 12 0 20 
13 2 5 7 4 16 12 5 13 7 0 0 5 
0 0 9 0 11 0 6 0 0 0 21 0 2 
2 9 7 16 12 7 0 7 22 6 9 16 16 
9 0 22 0 0 0 8 0 12 0 10 0 0 
6 0 0 2 19 19 6 2 9 7 12 6 7 
8 0 21 0 12 0 9 0 6 0 7 0 5 
6 23 12 24 6 2 7 7 0 7 11 9 13 
12 0 12 0 8 0 9 0 0 0 9 0 19 
21 9 25 26 22 0 7 2 3 9 10 24 7 
02Oct2015
            WI            
1 0 2 0 3 0 0 0 4 0 5 0 6 
7 8 7 9 10 5 0 6 11 12 12 7 3 
3 0 6 0 2 0 8 0 3 0 1 0 11 
7 12 2 1 8 3 7 0 13 14 6 11 13 
9 0 1 0 15 0 3 0 7 0 5 0 16 
17 10 18 5 0 5 16 11 3 1 0 0 0 
1 0 5 0 19 0 7 0 6 0 20 0 7 
0 0 0 20 10 7 9 21 0 4 10 16 6 
5 0 17 0 16 0 12 0 5 0 7 0 22 
9 12 7 16 2 0 1 23 24 7 16 5 1 
11 0 25 0 12 0 5 0 1 0 18 0 3 
4 1 1 12 1 3 0 22 7 12 10 1 5 
4 0 12 0 5 0 0 0 21 0 26 0 1 
01Oct2015
                  W    P  
1 2 3 0 4 2 3 0 5 6 7 8 9 
6 0 10 0 0 0 11 0 1 0 8 0 7 
7 10 12 4 0 3 6 1 6 7 6 13 6 
11 0 10 0 3 0 4 0 7 0 3 0 14 
3 6 15 16 2 11 7 6 17 11 0 0 10 
0 0 18 0 15 0 11 0 0 0 11 0 11 
19 6 7 7 11 12 0 15 1 10 20 11 7 
7 0 21 0 0 0 22 0 2 0 6 0 0 
6 0 0 6 23 18 11 7 18 6 15 18 11 
24 0 15 0 11 0 4 0 15 0 10 0 25 
24 6 12 5 7 11 6 15 0 18 8 4 6 
11 0 6 0 6 0 5 0 0 0 12 0 22 
7 11 4 6 22 0 21 6 26 0 15 10 18 
30Sep2015
        LG                
1 0 2 0 3 0 3 0 4 0 4 0 5 
4 6 7 8 2 0 9 7 10 11 12 9 7 
12 0 8 0 13 0 11 0 11 0 11 0 4 
12 14 8 7 15 14 16 0 2 11 15 7 3 
7 0 11 0 5 0 0 0 4 0 7 0 2 
8 4 17 2 0 18 19 13 2 7 0 0 5 
0 0 5 0 8 0 14 0 7 0 20 0 0 
13 0 0 1 13 16 21 5 0 19 11 22 7 
23 0 4 0 11 0 0 0 21 0 24 0 25 
21 7 18 4 23 0 21 4 8 17 4 11 2 
4 0 2 0 14 0 4 0 4 0 8 0 7 
18 8 14 26 13 7 2 0 20 11 15 7 23 
22 0 8 0 3 0 19 0 23 0 3 0 15 
29Sep2015
      D                   
1 2 3 2 4 5 6 0 2 7 7 8 7 
5 0 8 0 0 0 5 0 4 0 2 0 3 
4 9 10 11 0 12 2 4 4 8 13 13 8 
4 0 2 0 1 0 14 0 8 0 2 0 4 
8 15 13 3 5 14 8 3 13 4 0 0 4 
0 0 11 0 3 0 4 0 0 0 16 0 8 
17 3 8 12 18 4 0 19 5 9 20 8 3 
2 0 3 0 0 0 21 0 1 0 17 0 0 
4 0 0 5 22 4 8 23 16 9 5 16 4 
11 0 24 0 3 0 13 0 4 0 3 0 9 
13 3 2 1 8 25 8 4 0 4 13 16 20 
16 0 12 0 2 0 5 0 0 0 11 0 10 
22 6 8 2 18 0 3 8 4 13 26 6 8 
28Sep2015
                       MN 
1 2 3 4 5 6 7 5 0 0 8 0 9 
2 0 1 0 10 0 11 0 12 13 14 5 6 
15 16 2 13 6 1 6 7 7 0 6 0 12 
2 0 5 0 11 0 17 0 18 0 6 6 1 
19 16 5 6 0 20 6 18 4 21 10 0 16 
0 0 6 0 7 0 19 0 12 0 0 0 14 
3 21 10 12 5 6 0 22 1 6 6 5 7 
10 0 0 0 6 0 6 0 5 0 23 0 0 
12 0 24 2 25 2 25 3 0 5 4 14 7 
15 2 12 0 13 0 5 0 7 0 2 0 4 
2 0 3 0 2 10 10 2 5 12 26 1 6 
5 10 2 12 1 0 12 0 2 0 2 0 12 
21 0 13 0 0 12 18 6 10 2 5 2 22 
25Sep2015
                    C  I  
1 2 3 0 4 2 5 0 6 7 8 9 10 
8 0 8 0 0 0 7 0 10 0 7 0 11 
12 8 13 11 0 14 15 2 3 7 2 11 16 
10 0 11 0 17 0 11 0 2 0 18 0 7 
19 10 6 2 7 2 16 10 18 20 0 0 8 
0 0 8 0 2 0 19 0 0 0 15 0 6 
21 7 15 19 16 19 0 22 7 10 11 23 20 
24 0 7 0 0 0 22 0 10 0 7 0 0 
7 0 0 2 3 15 18 16 10 7 2 16 10 
21 0 2 0 15 0 15 0 25 0 9 0 11 
15 11 22 2 19 16 10 11 0 11 10 13 19 
24 0 2 0 16 0 11 0 0 0 18 0 15 
16 15 7 11 19 0 16 2 26 0 19 1 10 
24Sep2015
   P      U               
1 0 2 0 2 0 3 0 4 0 3 0 5 
2 6 7 8 9 0 10 5 11 12 13 9 10 
14 0 6 0 12 0 10 0 4 0 15 0 13 
12 16 8 9 17 10 15 0 4 16 2 10 5 
8 0 14 0 18 0 0 0 10 0 16 0 16 
6 10 10 5 0 15 16 2 9 15 0 0 18 
0 0 5 0 4 0 10 0 15 0 3 0 0 
19 0 0 20 11 2 9 10 0 3 10 10 21 
10 0 14 0 4 0 0 0 7 0 10 0 10 
15 22 2 23 4 0 24 10 6 2 15 8 6 
9 0 7 0 2 0 8 0 13 0 25 0 6 
10 23 2 6 10 6 9 0 25 17 13 16 10 
14 0 5 0 15 0 10 0 15 0 26 0 16 
23Sep2015
T                         
1 2 3 4 5 3 1 0 6 5 7 8 9 
10 0 2 0 0 0 5 0 2 0 5 0 11 
7 2 12 13 0 14 5 2 3 14 2 4 13 
5 0 5 0 15 0 12 0 10 0 16 0 14 
17 10 13 13 10 17 5 3 8 5 0 0 2 
0 0 2 0 3 0 17 0 0 0 18 0 3 
7 2 19 10 13 9 0 16 10 20 11 10 17 
5 0 5 0 0 0 21 0 17 0 8 0 0 
3 0 0 22 10 7 5 6 16 2 8 5 13 
5 0 2 0 23 0 7 0 24 0 9 0 10 
15 2 25 15 26 7 19 13 0 22 10 16 16 
2 0 16 0 7 0 10 0 0 0 3 0 16 
16 5 5 7 24 0 3 11 16 16 10 22 24 
22Sep2015
                  BF      
1 2 3 4 5 2 6 7 0 0 8 0 9 
9 0 8 0 10 0 11 0 12 8 13 12 6 
14 5 15 3 16 2 17 8 16 0 8 0 18 
4 0 3 0 11 0 5 0 2 0 16 5 8 
8 17 8 3 0 19 9 20 20 8 12 0 16 
0 0 6 0 6 0 16 0 21 0 0 0 8 
21 11 6 18 8 6 0 18 8 16 11 21 14 
2 0 0 0 21 0 16 0 6 0 22 0 0 
23 0 19 9 20 20 8 16 0 4 9 21 21 
11 2 16 0 2 0 24 0 4 0 11 0 11 
16 0 9 0 6 8 11 15 5 16 12 18 25 
14 2 12 26 18 0 2 0 5 0 2 0 8 
6 0 8 0 0 24 16 5 14 9 26 8 16 
21Sep2015
               M  V       
1 0 2 0 1 0 0 0 3 0 4 0 5 
6 7 8 9 10 11 0 12 8 4 13 8 7 
7 0 14 0 15 0 16 0 7 0 8 0 8 
17 9 14 11 7 9 15 0 5 11 7 7 18 
9 0 11 0 11 0 19 0 15 0 20 0 1 
4 8 2 11 0 7 11 10 13 7 0 0 0 
1 0 8 0 6 0 16 0 7 0 21 0 20 
0 0 0 1 3 7 11 20 0 21 17 22 17 
1 0 14 0 15 0 9 0 4 0 9 0 10 
10 7 8 23 11 0 2 15 7 7 11 9 2 
8 0 13 0 9 0 1 0 15 0 2 0 8 
24 11 9 2 17 24 0 25 13 8 17 9 2 
20 0 1 0 26 0 0 0 6 0 10 0 11 
18Sep2015
          G M             
1 0 2 0 2 0 3 0 4 0 4 0 5 
5 6 6 5 7 0 8 6 5 3 9 10 1 
4 0 5 0 11 0 5 0 9 0 8 0 3 
5 12 12 10 13 2 12 0 9 10 5 14 10 
6 0 12 0 7 0 0 0 5 0 12 0 15 
16 1 9 10 0 1 2 5 3 10 0 0 17 
0 0 10 0 4 0 6 0 7 0 18 0 0 
19 0 0 2 6 5 7 1 0 20 21 1 20 
21 0 5 0 16 0 0 0 19 0 16 0 16 
15 8 22 9 10 0 1 23 8 8 15 10 17 
24 0 5 0 25 0 5 0 16 0 12 0 17 
10 26 3 10 10 17 1 0 15 16 10 3 10 
12 0 24 0 1 0 20 0 1 0 12 0 15 
16Sep2015
                       BR 
1 2 1 2 3 4 5 6 0 0 7 0 8 
8 0 9 0 10 0 2 0 9 1 4 5 10 
10 11 12 13 2 6 14 2 3 0 14 0 9 
10 0 5 0 3 0 13 0 5 0 1 2 15 
16 3 14 5 0 15 10 17 14 6 10 0 6 
0 0 2 0 12 0 15 0 18 0 0 0 10 
13 2 3 10 13 19 0 12 4 13 12 14 5 
2 0 0 0 9 0 20 0 10 0 14 0 0 
21 0 9 6 19 13 4 20 0 14 5 10 20 
10 3 15 0 12 0 20 0 22 0 23 0 4 
3 0 15 0 10 20 24 9 25 25 9 6 6 
26 13 10 9 3 0 13 0 14 0 13 0 5 
10 0 15 0 0 20 10 3 5 9 13 13 19 
10Sep2015
                      DC  
1 2 3 4 5 6 1 4 0 0 7 0 4 
8 0 9 0 9 0 3 0 10 9 2 3 11 
4 12 13 9 2 7 6 4 14 0 15 0 5 
9 0 5 0 3 0 16 0 6 0 6 3 9 
4 17 6 7 0 18 9 19 4 2 7 0 3 
0 0 8 0 20 0 4 0 19 0 0 0 21 
14 8 5 8 13 3 0 20 22 6 7 4 11 
8 0 0 0 3 0 8 0 9 0 6 0 0 
4 0 23 9 19 9 24 19 0 4 22 2 25 
19 8 9 0 14 0 9 0 8 0 6 0 6 
9 0 22 0 9 5 22 6 21 14 19 9 5 
22 9 26 9 3 0 8 0 22 0 6 0 21 
4 0 9 0 0 4 19 9 9 3 2 21 9 
10Jul2015
S                 H       
1 0 2 0 3 0 4 0 5 0 6 0 4 
7 8 9 10 11 0 12 5 2 13 14 8 9 
3 0 3 0 11 0 5 0 9 0 15 0 10 
3 16 14 12 8 17 11 0 3 18 3 17 8 
11 0 11 0 9 0 0 0 6 0 7 0 17 
19 3 3 4 0 10 17 12 5 20 0 0 21 
0 0 17 0 2 0 10 0 11 0 22 0 0 
5 0 0 23 3 12 12 20 0 4 8 8 1 
12 0 21 0 2 0 0 0 24 0 12 0 16 
2 12 10 17 25 0 7 3 17 3 2 12 8 
3 0 5 0 16 0 3 0 3 0 3 0 8 
26 8 9 11 10 24 3 0 7 10 7 10 2 
8 0 20 0 11 0 17 0 8 0 8 0 19 
09Jul2015
 VN                       
1 2 1 3 4 3 5 0 6 7 8 4 9 
10 0 4 0 0 0 4 0 1 0 11 0 1 
12 7 5 13 0 1 5 5 13 14 1 15 15 
6 0 14 0 13 0 5 0 1 0 12 0 4 
7 6 12 4 16 17 15 7 12 1 0 0 5 
0 0 4 0 7 0 1 0 0 0 18 0 14 
19 15 1 7 6 20 0 7 19 6 17 8 12 
17 0 13 0 0 0 17 0 1 0 7 0 0 
21 0 0 22 1 12 12 15 1 9 6 17 23 
21 0 8 0 7 0 11 0 6 0 6 0 17 
7 4 6 9 6 11 8 13 0 24 4 15 23 
6 0 11 0 15 0 4 0 0 0 1 0 8 
9 11 25 6 20 0 7 9 26 17 13 12 13 
08Jul2015
                       XC 
1 2 3 4 5 6 7 8 0 0 9 0 10 
6 0 2 0 7 0 6 0 4 7 6 11 4 
12 13 8 14 6 11 15 2 8 0 16 0 15 
4 0 17 0 18 0 11 0 18 0 4 12 12 
7 19 2 20 0 1 15 21 6 7 16 0 14 
0 0 6 0 11 0 14 0 20 0 0 0 4 
7 4 20 13 18 4 0 11 22 6 23 4 16 
4 0 0 0 4 0 6 0 13 0 15 0 0 
8 0 4 24 25 4 11 11 0 11 20 2 26 
19 7 26 0 15 0 18 0 10 0 6 0 19 
7 0 19 0 4 18 15 16 4 7 8 15 11 
11 6 14 16 11 0 7 0 1 0 15 0 2 
4 0 13 0 0 26 4 16 1 15 14 4 14 
10Aug2015
                  G B     
1 2 1 0 3 4 5 0 3 6 7 8 9 
2 0 10 0 0 0 11 0 8 0 8 0 7 
9 7 12 10 0 2 13 13 10 8 14 2 15 
15 0 11 0 15 0 13 0 16 0 6 0 10 
11 17 15 10 8 18 10 14 15 16 0 0 9 
0 0 7 0 10 0 8 0 0 0 4 0 2 
8 7 15 6 10 8 0 19 20 4 21 7 20 
10 0 10 0 0 0 14 0 4 0 16 0 0 
18 0 0 15 8 10 7 16 4 17 4 2 16 
10 0 16 0 7 0 16 0 15 0 20 0 10 
14 8 11 15 11 22 2 10 0 6 10 7 8 
15 0 23 0 16 0 7 0 0 0 15 0 24 
16 11 10 24 10 0 20 7 25 0 10 26 10 
12Oct2015
          C R             
1 0 2 0 3 0 3 0 4 0 5 0 6 
7 8 4 9 10 0 11 7 2 5 10 12 3 
6 0 3 0 5 0 6 0 10 0 8 0 3 
13 10 3 11 7 10 13 0 6 2 4 10 7 
9 0 10 0 10 0 0 0 12 0 10 0 14 
15 6 8 16 0 3 17 4 12 12 0 0 10 
0 0 9 0 18 0 6 0 16 0 3 0 0 
19 0 0 20 12 21 22 8 0 3 23 7 9 
6 0 22 0 21 0 0 0 5 0 4 0 21 
18 10 6 24 3 0 10 1 7 4 8 21 25 
18 0 4 0 3 0 12 0 12 0 5 0 4 
10 8 26 4 21 7 3 0 20 10 12 21 8 
2 0 10 0 14 0 10 0 3 0 10 0 3 
13Oct2015
                     V  K 
1 2 3 0 4 5 3 0 5 6 5 7 2 
8 0 2 0 0 0 2 0 9 0 10 0 11 
12 2 13 14 0 15 13 5 16 17 1 18 12 
2 0 8 0 14 0 5 0 2 0 2 0 19 
20 2 10 8 3 5 14 8 3 17 0 0 9 
0 0 5 0 2 0 2 0 0 0 5 0 16 
12 8 14 14 2 3 0 8 12 5 21 19 2 
3 0 2 0 0 0 17 0 3 0 19 0 0 
8 0 0 5 15 18 10 18 8 9 5 20 8 
22 0 17 0 5 0 5 0 23 0 3 0 3 
8 12 12 8 9 2 9 14 0 13 18 6 24 
25 0 8 0 10 0 14 0 0 0 19 0 18 
2 9 14 3 26 0 26 2 9 0 6 5 14 
14Oct2015
                       T  
1 0 2 0 3 0 0 0 4 0 1 0 5 
6 7 8 9 4 10 0 11 8 12 13 14 9 
15 0 14 0 16 0 17 0 12 0 7 0 16 
18 16 9 19 15 1 6 0 20 4 15 19 21 
14 0 15 0 9 0 15 0 16 0 4 0 14 
9 8 14 5 0 15 12 16 22 14 0 0 0 
1 0 1 0 13 0 1 0 7 0 16 0 1 
0 0 0 20 16 1 15 19 0 17 15 4 4 
5 0 6 0 9 0 23 0 1 0 9 0 15 
7 13 14 9 16 0 16 24 24 14 12 13 24 
25 0 16 0 5 0 4 0 16 0 16 0 6 
14 12 13 4 7 10 0 14 12 13 15 9 14 
19 0 1 0 26 0 0 0 13 0 4 0 9 
15Oct2015
                      CM  
1 2 2 3 4 5 6 7 0 0 1 0 8 
9 0 9 0 1 0 9 0 3 10 5 3 9 
11 12 3 3 2 11 13 6 4 0 8 0 14 
8 0 15 0 3 0 6 0 16 0 17 8 1 
4 1 6 10 0 6 4 18 19 9 3 0 4 
0 0 3 0 2 0 14 0 6 0 0 0 20 
9 3 21 8 9 13 0 22 9 6 15 6 1 
1 0 0 0 6 0 22 0 3 0 8 0 0 
2 0 23 8 11 24 6 23 0 5 25 3 11 
2 1 9 0 8 0 4 0 26 0 1 0 8 
8 0 8 0 4 8 11 22 1 10 14 6 1 
9 6 11 13 11 0 3 0 6 0 3 0 13 
22 0 11 0 0 26 10 8 9 6 11 22 11 
16Oct2015
                        IC
1 2 3 4 5 6 7 0 5 8 9 8 10 
6 0 11 0 0 0 5 0 2 0 12 0 6 
9 12 2 9 0 13 8 12 14 6 5 15 16 
17 0 6 0 3 0 1 0 8 0 1 0 10 
8 1 18 19 6 20 12 9 8 15 0 0 6 
0 0 18 0 19 0 5 0 0 0 21 0 5 
22 6 19 23 8 3 0 6 18 5 12 6 15 
8 0 8 0 0 0 3 0 12 0 12 0 0 
24 0 0 14 12 3 7 1 6 3 7 8 5 
6 0 4 0 7 0 6 0 5 0 18 0 8 
17 2 9 3 22 12 7 3 0 21 6 4 8 
12 0 8 0 8 0 25 0 0 0 19 0 19 
9 8 10 8 5 0 26 6 3 7 19 8 3 
09Oct2015
          U     P         
1 2 3 4 5 6 6 7 0 0 4 0 3 
8 0 9 0 9 0 8 0 3 10 11 5 12 
13 14 8 6 15 3 8 4 15 0 4 0 15 
9 0 16 0 13 0 3 0 3 0 17 2 15 
3 5 18 15 0 4 15 3 3 15 3 0 16 
0 0 15 0 14 0 9 0 2 0 0 0 15 
19 8 6 6 8 13 0 3 8 2 6 15 1 
5 0 0 0 16 0 20 0 9 0 8 0 0 
9 0 21 6 2 4 5 22 0 5 23 15 1 
19 2 16 0 24 0 3 0 5 0 25 0 15 
5 0 5 0 8 26 3 15 16 20 5 9 12 
16 15 3 2 9 0 5 0 2 0 4 0 15 
15 0 14 0 0 21 6 15 5 9 3 15 16 
19Oct2015
                 PT       
1 2 2 0 3 4 2 0 5 6 7 4 5 
8 0 1 0 0 0 4 0 8 0 4 0 4 
9 1 10 11 0 12 11 9 12 13 11 12 8 
12 0 11 0 14 0 6 0 11 0 9 0 7 
9 15 16 1 1 7 2 8 17 9 0 0 12 
0 0 12 0 2 0 4 0 0 0 2 0 9 
9 1 7 2 4 5 0 9 18 12 5 12 19 
20 0 7 0 0 0 21 0 12 0 8 0 0 
6 0 0 5 4 15 1 22 4 5 12 4 9 
12 0 23 0 5 0 24 0 5 0 11 0 11 
5 16 12 25 1 14 4 9 0 3 8 2 4 
14 0 22 0 2 0 5 0 0 0 13 0 8 
9 15 4 11 4 0 9 6 14 0 4 7 26 
20Oct2015
                        KY
1 0 2 0 3 0 0 0 4 0 5 0 6 
7 8 9 4 10 11 0 12 10 13 14 3 8 
14 0 15 0 14 0 8 0 16 0 9 0 7 
4 17 18 7 7 14 19 0 10 19 18 14 3 
9 0 17 0 11 0 18 0 14 0 13 0 4 
20 8 9 21 0 21 13 9 7 8 0 0 0 
8 0 17 0 1 0 8 0 11 0 9 0 17 
0 0 0 1 10 14 19 8 0 9 20 22 8 
10 0 19 0 10 0 17 0 23 0 10 0 24 
1 13 8 7 25 0 18 11 2 8 7 18 17 
1 0 11 0 8 0 1 0 8 0 11 0 14 
14 11 1 14 7 13 0 1 9 7 8 8 7 
7 0 8 0 26 0 0 0 17 0 20 0 8 
21Oct2015
                    N C   
1 2 2 1 3 4 5 2 0 0 6 0 7 
4 0 8 0 4 0 6 0 9 6 10 11 4 
5 2 6 12 13 2 14 15 13 0 6 0 5 
13 0 13 0 16 0 17 0 18 0 13 5 5 
19 15 11 2 0 19 2 1 2 13 5 0 15 
0 0 4 0 6 0 19 0 11 0 0 0 11 
11 20 19 13 21 11 0 10 11 4 22 9 20 
3 0 0 0 23 0 13 0 2 0 19 0 0 
2 0 10 11 13 19 24 2 0 25 4 5 26 
19 13 14 0 21 0 13 0 11 0 1 0 4 
13 0 13 0 21 13 11 6 19 13 5 5 20 
1 13 19 19 20 0 13 0 13 0 2 0 2 
20 0 11 0 0 1 19 4 14 4 11 2 19 
22Oct2015
  L M                     
1 2 3 4 5 5 6 0 7 8 6 9 10 
6 0 4 0 0 0 1 0 4 0 7 0 2 
9 6 11 12 0 6 1 13 6 14 4 9 15 
14 0 2 0 11 0 2 0 14 0 16 0 15 
4 9 15 8 4 9 14 17 4 1 0 0 4 
0 0 6 0 9 0 15 0 0 0 15 0 9 
8 18 15 6 15 4 0 14 8 18 19 1 16 
4 0 4 0 0 0 7 0 4 0 4 0 0 
20 0 0 20 2 21 22 8 4 17 4 6 1 
18 0 10 0 9 0 8 0 20 0 23 0 4 
14 18 9 24 22 4 16 15 0 17 4 8 25 
22 0 18 0 8 0 22 0 0 0 8 0 15 
16 6 25 8 4 0 4 26 14 22 16 4 16 
23Oct2015
               FH         
1 0 2 0 3 0 2 0 4 0 5 0 4 
3 6 7 7 6 0 6 8 9 10 11 3 9 
12 0 9 0 7 0 4 0 13 0 14 0 15 
6 16 16 2 17 6 6 7 2 0 1 3 18 
2 0 16 0 2 0 0 0 1 13 5 0 6 
2 0 1 0 0 10 4 18 1 0 0 0 8 
0 2 13 6 12 0 1 0 5 6 19 1 0 
20 0 0 0 1 21 9 7 0 0 11 0 4 
11 0 13 9 4 0 0 0 9 0 8 0 18 
2 22 11 0 4 6 10 9 2 7 9 23 2 
24 0 24 0 6 0 9 0 2 0 1 0 7 
1 3 24 6 25 1 8 0 18 7 7 1 8 
8 0 26 0 2 0 4 0 1 0 26 0 1 
26Oct2015
                  N     C 
1 0 2 0 3 0 0 0 4 0 5 0 6 
7 2 8 8 9 10 0 2 11 12 2 13 14 
14 0 15 0 16 0 15 0 14 0 17 0 11 
1 15 18 17 2 2 19 0 12 14 17 2 1 
20 0 15 0 3 0 1 0 17 0 21 0 2 
2 14 12 8 0 22 15 23 2 1 0 0 0 
3 0 1 0 1 0 19 0 12 0 24 0 9 
0 0 0 1 8 15 25 2 0 6 9 9 12 
10 0 6 0 2 0 2 0 26 0 12 0 3 
20 9 12 3 2 0 12 2 8 15 2 23 2 
15 0 9 0 6 0 2 0 14 0 23 0 12 
12 15 26 26 2 3 0 9 12 3 2 14 8 
8 0 2 0 12 0 0 0 2 0 12 0 21 
27Oct2015
                  JR      
1 2 2 3 1 4 5 6 0 0 6 0 1 
2 0 6 0 3 0 7 0 8 3 9 6 10 
11 1 10 9 5 7 1 10 9 0 12 0 13 
12 0 5 0 8 0 14 0 13 0 15 8 16 
9 1 12 5 0 8 14 14 5 6 7 0 8 
0 0 17 0 6 0 5 0 5 0 0 0 9 
5 7 6 1 18 5 0 19 6 20 5 6 13 
21 0 0 0 16 0 9 0 13 0 1 0 0 
1 0 16 3 1 22 6 9 0 5 7 1 23 
7 6 1 0 5 0 16 0 2 0 15 0 1 
11 0 15 0 5 24 4 6 3 15 11 6 5 
6 2 8 25 13 0 10 0 8 0 6 0 2 
5 0 10 0 0 5 26 12 7 7 3 6 5 
28Oct2015
               B    C     
1 2 1 3 2 4 5 0 5 3 4 2 6 
7 0 4 0 0 0 2 0 8 0 2 0 9 
4 2 9 10 0 11 4 2 1 12 2 13 5 
5 0 14 0 10 0 9 0 2 0 10 0 3 
7 14 2 4 2 15 11 7 5 2 0 0 2 
0 0 4 0 9 0 3 0 0 0 8 0 4 
9 5 5 2 4 1 0 5 1 9 4 2 5 
16 0 2 0 0 0 17 0 7 0 4 0 0 
5 0 0 5 2 18 19 2 20 1 8 9 13 
21 0 22 0 5 0 23 0 2 0 17 0 8 
2 24 19 13 5 8 23 25 0 13 9 20 26 
5 0 10 0 9 0 9 0 0 0 1 0 2 
5 1 7 4 25 0 6 8 1 20 2 5 5 
29Oct2015
              G           
1 0 2 0 3 0 4 0 5 0 4 0 4 
2 6 1 7 1 0 8 9 1 3 10 8 11 
12 0 13 0 6 0 9 0 14 0 9 0 13 
9 13 15 1 15 9 2 0 16 12 9 6 10 
6 0 3 0 9 0 0 0 16 0 17 0 1 
5 3 9 2 0 18 16 6 19 4 0 0 20 
0 0 2 0 4 0 21 0 1 0 3 0 0 
12 0 0 22 16 3 3 11 0 23 21 3 11 
9 0 4 0 3 0 0 0 24 0 25 0 21 
6 1 17 21 2 0 24 26 3 10 26 6 9 
7 0 21 0 9 0 1 0 16 0 9 0 3 
21 13 10 9 6 21 7 0 23 16 26 3 2 
13 0 9 0 4 0 17 0 13 0 6 0 4 
30Oct2015
                      P  R
1 2 3 0 4 5 6 0 7 8 9 10 6 
5 0 2 0 0 0 8 0 5 0 5 0 8 
2 11 10 12 0 9 5 3 13 9 2 14 8 
14 0 15 0 3 0 9 0 10 0 3 0 14 
16 7 2 17 16 2 18 10 16 19 0 0 3 
0 0 3 0 12 0 1 0 0 0 20 0 5 
5 20 8 12 21 8 0 19 9 8 5 22 13 
23 0 19 0 0 0 19 0 10 0 21 0 0 
23 0 0 5 24 2 11 2 10 12 5 3 10 
5 0 7 0 9 0 16 0 25 0 7 0 12 
26 8 9 2 5 7 9 8 0 25 10 19 19 
8 0 10 0 2 0 9 0 0 0 12 0 8 
9 5 7 8 9 0 19 5 6 0 3 10 18 
WE31Oct2015
                 FM       
1 0 1 0 2 0 0 0 3 0 2 0 2 
4 5 6 2 7 8 0 9 6 10 6 2 7 
6 0 11 0 12 0 6 0 12 0 11 0 12 
13 9 10 1 14 5 10 0 11 14 15 12 16 
9 0 12 0 10 0 2 0 11 0 9 0 17 
18 6 19 9 0 19 9 4 9 11 0 0 0 
8 0 9 0 4 0 11 0 16 0 20 0 1 
0 0 0 19 9 9 4 1 0 18 12 19 9 
21 0 5 0 22 0 12 0 16 0 10 0 2 
11 5 5 1 4 0 14 10 14 4 14 12 16 
5 0 23 0 14 0 10 0 24 0 4 0 6 
25 9 9 17 16 8 0 11 9 2 5 11 26 
16 0 26 0 9 0 0 0 16 0 11 0 9 
02Nov2015
                V         
1 2 3 4 5 3 5 6 0 0 7 0 2 
2 0 8 0 9 0 2 0 10 4 6 6 1 
11 2 1 12 6 7 13 2 4 0 10 0 1 
14 0 13 0 15 0 11 0 16 0 6 17 6 
18 12 19 1 0 1 6 4 4 6 13 0 18 
0 0 7 0 20 0 4 0 6 0 0 0 1 
2 13 6 8 2 18 0 17 2 4 17 6 18 
21 0 0 0 11 0 13 0 10 0 2 0 0 
2 0 2 8 14 4 6 18 0 9 15 3 1 
4 2 22 0 6 0 23 0 24 0 5 0 3 
6 0 3 0 1 19 13 25 19 9 3 18 6 
2 1 9 15 18 0 9 0 8 0 13 0 13 
18 0 15 0 0 18 26 2 23 23 6 13 18 
03Nov2015
           I    C         
1 2 3 4 5 3 6 0 7 4 8 9 3 
4 0 10 0 0 0 4 0 11 0 11 0 4 
10 4 12 2 0 8 13 4 2 1 14 3 13 
3 0 6 0 1 0 5 0 4 0 8 0 15 
1 16 3 3 8 9 3 4 13 8 0 0 4 
0 0 2 0 11 0 2 0 0 0 9 0 13 
6 3 17 12 6 3 0 3 15 18 4 13 5 
3 0 3 0 0 0 1 0 11 0 2 0 0 
19 0 0 6 3 20 3 17 8 3 6 7 21 
13 0 22 0 13 0 23 0 3 0 18 0 24 
4 6 3 25 11 4 8 3 0 8 4 2 5 
6 0 4 0 22 0 24 0 0 0 7 0 3 
3 19 13 3 8 0 2 11 26 26 7 3 6 
04Nov2015
                     B  N 
1 0 2 0 3 0 4 0 1 0 5 0 6 
7 8 9 1 10 4 11 0 11 12 3 3 13 
7 0 2 0 1 0 13 0 14 0 13 0 4 
13 15 16 8 6 0 9 17 2 1 13 13 9 
3 0 18 0 2 0 0 0 13 0 8 0 3 
7 0 0 19 3 3 9 3 0 20 3 9 21 
0 0 6 0 3 0 8 0 12 0 9 0 0 
22 4 4 21 0 3 23 21 4 13 0 0 24 
4 0 15 0 9 0 0 0 9 0 9 0 1 
25 4 4 7 13 3 9 0 21 1 18 3 16 
25 0 21 0 4 0 21 0 3 0 3 0 21 
3 13 3 6 21 0 3 6 9 21 1 9 15 
21 0 9 0 9 0 18 0 9 0 26 0 16 
05Nov2015
                 AM       
1 2 3 4 1 0 5 6 7 0 8 9 8 
2 0 2 0 10 0 11 0 0 0 2 0 2 
12 6 1 10 2 3 11 1 0 2 1 11 3 
12 0 10 0 4 0 13 0 1 0 9 0 14 
6 0 0 11 4 4 9 15 9 11 7 15 16 
3 0 17 0 0 0 14 0 14 0 11 0 0 
10 3 18 2 19 18 0 20 6 1 1 9 12 
0 0 5 0 18 0 21 0 0 0 1 0 2 
9 7 10 11 3 3 2 12 10 1 0 0 22 
7 0 17 0 10 0 9 0 17 0 23 0 22 
20 14 6 5 0 6 13 11 3 24 9 14 14 
6 0 3 0 0 0 11 0 6 0 7 0 11 
10 11 7 0 17 11 3 0 8 6 25 11 26 
06Nov2015
                   HW     
1 0 2 0 3 0 0 0 4 0 5 0 6 
7 8 9 8 10 11 0 12 13 14 14 13 10 
13 0 8 0 15 0 2 0 11 0 16 0 17 
18 10 7 7 13 8 7 0 17 7 13 9 8 
5 0 1 0 7 0 19 0 8 0 14 0 17 
1 20 10 21 0 22 20 2 21 22 0 0 0 
8 0 23 0 22 0 8 0 24 0 22 0 10 
0 0 0 10 21 10 22 20 0 21 20 10 1 
10 0 25 0 8 0 1 0 10 0 2 0 1 
26 10 5 26 8 0 7 8 4 2 7 22 8 
8 0 2 0 1 0 10 0 13 0 1 0 4 
14 8 1 1 11 8 0 10 22 11 8 8 16 
1 0 10 0 24 0 0 0 22 0 7 0 1 
09Nov2015
T   N                     
1 2 3 1 3 4 5 0 6 7 8 9 10 
4 0 11 0 0 0 4 0 3 0 12 0 4 
3 11 13 6 0 14 3 15 10 6 9 9 10 
16 0 16 0 6 0 6 0 16 0 1 0 10 
6 12 4 13 17 9 9 13 9 15 0 0 9 
0 0 10 0 3 0 6 0 0 0 18 0 15 
19 3 9 16 10 6 0 16 2 20 2 15 21 
3 0 10 0 0 0 7 0 22 0 7 0 0 
23 0 0 13 15 3 24 3 16 9 22 9 10 
23 0 7 0 7 0 4 0 21 0 11 0 2 
16 2 6 25 3 4 2 6 0 26 3 22 6 
9 0 13 0 10 0 25 0 0 0 15 0 17 
10 9 6 17 6 0 12 4 6 3 9 15 21 
10Nov2015
A              K          
1 0 2 0 3 0 4 0 5 0 3 0 6 
7 8 1 2 7 0 6 9 9 6 2 6 7 
7 0 7 0 10 0 3 0 11 0 8 0 3 
1 2 2 10 12 7 3 0 13 6 10 2 10 
2 0 4 0 3 0 0 0 14 0 15 0 9 
16 10 10 12 0 6 17 12 10 9 0 0 18 
0 0 8 0 2 0 10 0 8 0 7 0 0 
19 0 0 17 20 13 7 4 0 5 10 13 14 
11 0 10 0 13 0 0 0 21 0 22 0 8 
13 10 23 11 3 0 3 10 6 24 11 8 10 
6 0 6 0 6 0 11 0 13 0 6 0 3 
20 5 9 6 25 10 14 0 26 10 9 12 3 
8 0 10 0 13 0 3 0 9 0 1 0 26 
11Nov2015
                    FM    
1 2 3 0 4 5 6 0 7 8 9 9 3 
2 0 10 0 0 0 11 0 9 0 12 0 9 
13 10 9 5 0 3 5 14 15 5 16 17 5 
5 0 8 0 7 0 7 0 5 0 18 0 16 
11 15 19 19 5 11 9 5 3 3 0 0 19 
0 0 8 0 5 0 5 0 0 0 20 0 5 
11 5 21 10 11 22 0 6 5 11 11 10 11 
5 0 12 0 0 0 17 0 17 0 10 0 0 
20 0 0 10 5 3 10 20 23 2 24 15 3 
10 0 17 0 2 0 3 0 10 0 11 0 15 
11 5 9 5 24 2 6 5 0 25 5 3 9 
6 0 2 0 5 0 9 0 0 0 3 0 26 
3 10 16 2 11 0 12 5 1 0 3 23 12 
12Nov2015
           Z              
1 0 2 0 3 0 0 0 4 0 5 0 5 
3 6 7 8 9 10 0 5 11 12 11 11 13 
10 0 14 0 11 0 15 0 13 0 1 0 11 
16 7 13 8 15 7 17 0 5 6 15 1 1 
8 0 17 0 17 0 18 0 6 0 1 0 1 
13 10 10 19 0 6 15 5 10 6 0 0 0 
10 0 20 0 21 0 7 0 13 0 8 0 11 
0 0 0 22 14 6 6 20 0 1 4 15 23 
1 0 16 0 15 0 11 0 11 0 10 0 11 
3 7 6 15 3 0 8 1 14 17 11 24 15 
7 0 7 0 19 0 10 0 25 0 19 0 17 
7 26 20 23 10 17 0 25 15 18 10 13 1 
16 0 1 0 17 0 0 0 8 0 25 0 8 
01Jan2000
            F   L     
1 0 2 0 3 0 0 0 2 0 4 0 5
6 7 5 2 8 3 0 3 9 10 11 8 3
12 0 11 0 6 0 13 0 5 0 14 0 4
11 6 15 6 16 5 17 0 3 6 15 3 6
5 0 5 0 3 0 14 0 3 0 12 0 15
1 14 12 3 0 3 8 5 10 11 0 0 0
6 0 6 0 18 0 10 0 3 0 19 0 20
0 0 0 8 14 14 17 3 0 4 21 22 5
9 0 22 0 2 0 17 0 5 0 5 0 11
5 23 5 2 24 0 5 11 8 10 3 5 15
25 0 21 0 6 0 3 0 14 0 9 0 10
6 15 20 14 26 3 0 6 22 23 6 1 3
3 0 6 0 3 0 0 0 3 0 3 0 9
Bill 1
                          V
1 0 1 0 2 0 0 0 3 0 4 0 5
6 7 8 9 1 5 0 10 11 12 13 11 12
1 0 9 0 14 0 11 0 1 0 15 0 1
15 7 1 16 15 7 12 0 17 11 18 7 5
7 0 18 0 5 0 12 0 12 0 19 0 20
1 21 7 18 0 18 7 4 11 9 0 0 0
5 0 5 0 21 0 9 0 4 0 22 0 12
0 0 0 16 15 7 1 5 0 1 14 4 5
1 0 8 0 1 0 17 0 23 0 17 0 1
5 22 13 9 17 0 10 13 9 13 17 7 9
24 0 25 0 12 0 7 0 1 0 7 0 14
7 26 7 17 7 18 0 1 18 13 9 17 5
22 0 9 0 18 0 0 0 7 0 5 0 12


    
